   0.00000    1.00000
    0.00000    0.00000
   0.10000    1.00000
    0.10000    0.00000   0.20000 -985184.33684
 -98518.33368    0.00000   0.30000 -1970369.67368
 -197036.76737    0.00000   0.40000 -2955555.01052
 -295555.20105    0.00000   0.50000 -3940740.34736
 -394073.63474    0.00000   0.60000 -4925925.68420
 -492592.06842    0.00000   0.70000 -5911111.02104
 -591110.50210    0.00000   0.80000 -6896296.35788
 -689628.93579    0.00000   0.90000 -7881481.69472
 -788147.36947    0.00000   1.00000 -8866667.03156
 -886665.80316    0.00000